Iteration 0
 Took: 143. seconds
(12.2460350371, 0.831299052385, 1.09733142069, 0.999247675356, 0.456773492788, 0.977108940829, 0.743878695899, 0.950267592972)
1144.

(10.3117900239, 1.16334562749, 2.62340505973, 1.0479456892, 1.61511875316, 0.856428728516, 1.54840733576, 0.758083030842)
1160.

(10.1257037382, 1.11166322948, 2.60685733216, 1.08818091989, 1.21570959334, 0.739428748571, 1.23527013869, 0.752229724362)
1174.

(10.1119112876, 1.12391898127, 2.39840679139, 1.05019761087, 1.1898191405, 0.761896496519, 1.14927696865, 0.789173963001)
1174.

(10.3749895899, 1.16765892421, 2.50337932641, 1.08827487204, 1.30231669772, 0.80536225258, 1.00157197635, 0.792534239116)
1060.

(10.1856703807, 1.06774431287, 2.43476551771, 0.995460764291, 1.07804781755, 0.749913611567, 1.24906037082, 0.637910803105)
1063.

(10.3049222392, 1.12422558076, 2.72578924963, 1.02391297688, 1.2580754797, 0.836458079014, 1.75565150244, 0.697369946429)
1068.

(12., 0.8, 1., 1., 0.3, 1., 1., 1.)
1103.

Iteration 1
 Took: 8. seconds
(12.2460350371, 0.831299052385, 1.09733142069, 0.999247675356, 0.456773492788, 0.977108940829, 0.743878695899, 0.950267592972)
1144.

(10.3117900239, 1.16334562749, 2.62340505973, 1.0479456892, 1.61511875316, 0.856428728516, 1.54840733576, 0.758083030842)
1160.

(10.1119112876, 1.12391898127, 2.39840679139, 1.05019761087, 1.1898191405, 0.761896496519, 1.14927696865, 0.789173963001)
1174.

(10.1257037382, 1.11166322948, 2.60685733216, 1.08818091989, 1.21570959334, 0.739428748571, 1.23527013869, 0.752229724362)
1174.

(10.3049222392, 1.12422558076, 2.72578924963, 1.02391297688, 1.2580754797, 0.836458079014, 1.75565150244, 0.697369946429)
1068.

(10.5905983254, 1.156071269, 2.70499954797, 1.00372749224, 1.73101625311, 0.811149914985, 1.44967172775, 0.802326195887)
13.

(10.1598158424, 1.0848947758, 2.19233451823, 1.06535818984, 1.2286769623, 0.718918647329, 1.42527440516, 0.833092487655)
17.

(10.1856703807, 1.06774431287, 2.43476551771, 0.995460764291, 1.07804781755, 0.749913611567, 1.24906037082, 0.637910803105)
1063.

Iteration 2
 Took: 7. seconds
(12.2460350371, 0.831299052385, 1.09733142069, 0.999247675356, 0.456773492788, 0.977108940829, 0.743878695899, 0.950267592972)
1144.

(10.3117900239, 1.16334562749, 2.62340505973, 1.0479456892, 1.61511875316, 0.856428728516, 1.54840733576, 0.758083030842)
1160.

(10.1257037382, 1.11166322948, 2.60685733216, 1.08818091989, 1.21570959334, 0.739428748571, 1.23527013869, 0.752229724362)
1174.

(10.1119112876, 1.12391898127, 2.39840679139, 1.05019761087, 1.1898191405, 0.761896496519, 1.14927696865, 0.789173963001)
1174.

(10.5905983254, 1.156071269, 2.70499954797, 1.00372749224, 1.73101625311, 0.811149914985, 1.44967172775, 0.802326195887)
13.

(10.4654681156, 1.04626121153, 2.14298000032, 1.01149392961, 1.2104671126, 0.741286958355, 1.2199283073, 0.654986670548)
14.

(10.5264962451, 1.1385435234, 2.70071088193, 1.03895378477, 1.77999846187, 0.838428029784, 1.7467878255, 0.852323861239)
17.

(12.1568111815, 0.825583792057, 0.952669844421, 0.96549355175, 0.451903307906, 1.01412751807, 0.485462520809, 0.981416203225)
20.

Iteration 3
 Took: 7. seconds
(12.2460350371, 0.831299052385, 1.09733142069, 0.999247675356, 0.456773492788, 0.977108940829, 0.743878695899, 0.950267592972)
1144.

(10.3117900239, 1.16334562749, 2.62340505973, 1.0479456892, 1.61511875316, 0.856428728516, 1.54840733576, 0.758083030842)
1160.

(10.1119112876, 1.12391898127, 2.39840679139, 1.05019761087, 1.1898191405, 0.761896496519, 1.14927696865, 0.789173963001)
1174.

(10.1257037382, 1.11166322948, 2.60685733216, 1.08818091989, 1.21570959334, 0.739428748571, 1.23527013869, 0.752229724362)
1174.

(10.3306374417, 1.01254461163, 1.94039219578, 1.03724972104, 1.02516610616, 0.790874646077, 1.02858364308, 0.613495049085)
17.

(10.6645123559, 1.13570030638, 2.97508926718, 1.08007743981, 2.06473736716, 0.882886686726, 2.04556243, 0.892401117775)
11.

(10.5905983254, 1.156071269, 2.70499954797, 1.00372749224, 1.73101625311, 0.811149914985, 1.44967172775, 0.802326195887)
13.

(10.8441932393, 1.13825985691, 2.81532366396, 0.955259903099, 1.47066632797, 0.77325434208, 1.54800918535, 0.768763105101)
19.

Iteration 4
 Took: 7. seconds
(12.2460350371, 0.831299052385, 1.09733142069, 0.999247675356, 0.456773492788, 0.977108940829, 0.743878695899, 0.950267592972)
1144.

(10.3117900239, 1.16334562749, 2.62340505973, 1.0479456892, 1.61511875316, 0.856428728516, 1.54840733576, 0.758083030842)
1160.

(10.1257037382, 1.11166322948, 2.60685733216, 1.08818091989, 1.21570959334, 0.739428748571, 1.23527013869, 0.752229724362)
1174.

(10.1119112876, 1.12391898127, 2.39840679139, 1.05019761087, 1.1898191405, 0.761896496519, 1.14927696865, 0.789173963001)
1174.

(10.8627688855, 1.15795034985, 3.14452227944, 1.0529105015, 1.91114758604, 0.876032154009, 2.14944903458, 0.883505247261)
19.

(10.8914662587, 1.18525536727, 2.92181618251, 1.07461151601, 2.36411312846, 0.838229211627, 1.7853512649, 0.878336180345)
15.

(11.1265285232, 1.09247978028, 3.04820845143, 0.992542531016, 1.47780968866, 0.735297599121, 1.3330760341, 0.731409524638)
13.

(10.8441932393, 1.13825985691, 2.81532366396, 0.955259903099, 1.47066632797, 0.77325434208, 1.54800918535, 0.768763105101)
19.

Iteration 5
 Took: 7. seconds
(12.2460350371, 0.831299052385, 1.09733142069, 0.999247675356, 0.456773492788, 0.977108940829, 0.743878695899, 0.950267592972)
1144.

(10.3117900239, 1.16334562749, 2.62340505973, 1.0479456892, 1.61511875316, 0.856428728516, 1.54840733576, 0.758083030842)
1160.

(10.1119112876, 1.12391898127, 2.39840679139, 1.05019761087, 1.1898191405, 0.761896496519, 1.14927696865, 0.789173963001)
1174.

(10.1257037382, 1.11166322948, 2.60685733216, 1.08818091989, 1.21570959334, 0.739428748571, 1.23527013869, 0.752229724362)
1174.

(10.8441932393, 1.13825985691, 2.81532366396, 0.955259903099, 1.47066632797, 0.77325434208, 1.54800918535, 0.768763105101)
19.

(10.4164862187, 1.15785488523, 2.89525311874, 1.05004067396, 1.89961656679, 0.88845919103, 1.67012718959, 0.712554607854)
25.

(10.8627688855, 1.15795034985, 3.14452227944, 1.0529105015, 1.91114758604, 0.876032154009, 2.14944903458, 0.883505247261)
19.

(10.7233386614, 1.21036788891, 3.18590521367, 1.05136267837, 2.47358680224, 0.844205656567, 1.98297501194, 0.906545501651)
13.

Iteration 6
 Took: 8. seconds
(12.2460350371, 0.831299052385, 1.09733142069, 0.999247675356, 0.456773492788, 0.977108940829, 0.743878695899, 0.950267592972)
1144.

(10.3117900239, 1.16334562749, 2.62340505973, 1.0479456892, 1.61511875316, 0.856428728516, 1.54840733576, 0.758083030842)
1160.

(10.1257037382, 1.11166322948, 2.60685733216, 1.08818091989, 1.21570959334, 0.739428748571, 1.23527013869, 0.752229724362)
1174.

(10.1119112876, 1.12391898127, 2.39840679139, 1.05019761087, 1.1898191405, 0.761896496519, 1.14927696865, 0.789173963001)
1174.

(10.6720759611, 1.18792439456, 2.56629323731, 0.961455556984, 1.70632796044, 0.790323094542, 1.25237450083, 0.776299737356)
16.

(9.91639107772, 1.15056048417, 2.63720537921, 1.01949588718, 1.03294472271, 0.81000923679, 1.0602598442, 0.816405115829)
18.

(10.0135380751, 1.09557569601, 2.25586888929, 1.02435288212, 0.934421080535, 0.715004898089, 1.20689883419, 0.739244257075)
17.

(10.3158170572, 1.14688563684, 2.52914534214, 1.04657446334, 0.982918373303, 0.711774727276, 1.48812225057, 0.769788270513)
18.

Iteration 7
 Took: 6. seconds
(12.2460350371, 0.831299052385, 1.09733142069, 0.999247675356, 0.456773492788, 0.977108940829, 0.743878695899, 0.950267592972)
1144.

(10.3117900239, 1.16334562749, 2.62340505973, 1.0479456892, 1.61511875316, 0.856428728516, 1.54840733576, 0.758083030842)
1160.

(10.1119112876, 1.12391898127, 2.39840679139, 1.05019761087, 1.1898191405, 0.761896496519, 1.14927696865, 0.789173963001)
1174.

(10.1257037382, 1.11166322948, 2.60685733216, 1.08818091989, 1.21570959334, 0.739428748571, 1.23527013869, 0.752229724362)
1174.

(9.89826106312, 1.10378018986, 2.4089886423, 0.995098417967, 1.00011926669, 0.849770982571, 0.878390476007, 0.850052910282)
21.

(10.6047759468, 1.11741583444, 2.35149947836, 1.00444988999, 1.27759311742, 0.69395056484, 1.19033661038, 0.7879597946)
15.

(10.6720759611, 1.18792439456, 2.56629323731, 0.961455556984, 1.70632796044, 0.790323094542, 1.25237450083, 0.776299737356)
16.

(10.0520773238, 1.07438335245, 2.30246798563, 1.05805641247, 1.22045224635, 0.758126006531, 1.18366537418, 0.774208525783)
24.

Iteration 8
 Took: 7. seconds
(12.2460350371, 0.831299052385, 1.09733142069, 0.999247675356, 0.456773492788, 0.977108940829, 0.743878695899, 0.950267592972)
1144.

(10.3117900239, 1.16334562749, 2.62340505973, 1.0479456892, 1.61511875316, 0.856428728516, 1.54840733576, 0.758083030842)
1160.

(10.1257037382, 1.11166322948, 2.60685733216, 1.08818091989, 1.21570959334, 0.739428748571, 1.23527013869, 0.752229724362)
1174.

(10.1119112876, 1.12391898127, 2.39840679139, 1.05019761087, 1.1898191405, 0.761896496519, 1.14927696865, 0.789173963001)
1174.

(10.3737148079, 1.11420127144, 2.64196338947, 1.08786549827, 1.79026764346, 0.892756550451, 1.3632584015, 0.727537015645)
14.

(10.6180287242, 1.19370798601, 2.7892848323, 0.983163848077, 1.89970636546, 0.762971290082, 1.5318891959, 0.770400048604)
12.

(10.2464792459, 1.03447626933, 2.48152596469, 1.0180186414, 1.17889042588, 0.758853199992, 0.917382465346, 0.768493442408)
23.

(9.89826106312, 1.10378018986, 2.4089886423, 0.995098417967, 1.00011926669, 0.849770982571, 0.878390476007, 0.850052910282)
21.

Iteration 9
 Took: 7. seconds
(12.2460350371, 0.831299052385, 1.09733142069, 0.999247675356, 0.456773492788, 0.977108940829, 0.743878695899, 0.950267592972)
1144.

(10.3117900239, 1.16334562749, 2.62340505973, 1.0479456892, 1.61511875316, 0.856428728516, 1.54840733576, 0.758083030842)
1160.

(10.1119112876, 1.12391898127, 2.39840679139, 1.05019761087, 1.1898191405, 0.761896496519, 1.14927696865, 0.789173963001)
1174.

(10.1257037382, 1.11166322948, 2.60685733216, 1.08818091989, 1.21570959334, 0.739428748571, 1.23527013869, 0.752229724362)
1174.

(10.2179372124, 1.08469224214, 2.3009143484, 1.01684313363, 0.994566601219, 0.758559893314, 1.15286787071, 0.78030201716)
21.

(10.2464792459, 1.03447626933, 2.48152596469, 1.0180186414, 1.17889042588, 0.758853199992, 0.917382465346, 0.768493442408)
23.

(10.1538896187, 1.03819780437, 2.47020977155, 0.995409371208, 1.00300427053, 0.780097475014, 1.00437299362, 0.742427420376)
18.

(10.2084283078, 1.13609226653, 2.35533446168, 1.11225267602, 1.12966652777, 0.767098235353, 1.28342280001, 0.755799937195)
12.

